100
100
90
80
100
50
100
50
60
100
100
80
80
100
90
90
90
100
80
100
70
100
100
90
100
100
80
75
90
90
50
90
95
80
75
90
50
75
80
55
65
90
65
95
90
90
95
90
90
90
65
65
90
70
80
65
90
100
90
80
90
80
100
90
90
65
90
65
80
50
50
80
90
90
90
50
90
90
50
90
65
80
65
90
65
50
80
90
90
90
50
90
80
90
65
90
100
100
100
100
100
100
100
90
100
60
100
80
80
66
100
80
60
80
100
80
85
100
75
65
55
90
100
90
60
90
90
65
75
90
65
90
55
50
65
80
75
65
65
95
70
70
70
55
60
58
55
75
45
55
75
80
50
90
80
80
45
75
80
55
55
80
55
80
55
55
90
75
25
45
95
95
95
70
65
70
95
70
75
80
80
70
95
95
80
90
95
80
67
70
90
90
70
90
90
70
80
60
80
70
75
70
50
80
80
70
60
75
80
95
70
90
70
90
70
50
80
70
85
70
90
60
60
60
70
30
60
75
50
90
75
60
80
50
90
60
80
60
90
50
100
100
100
80
100
100
100
90
100
80
80
70
50
90
100
100
80
100
85
75
50
60
60
85
80
80
85
70
85
70
75
95
60
50
85
90
85
80
85
80
100
100
100
50
60
100
80
100
100
90
90
80
100
100
75
90
100
100
80
90
90
80
100
90
65
100
100
55
90
90
75
90
60
90
55
65
80
75
90
100
85
60
80
90
80
100
100
70
75
100
90
80
60
75
90
80
90
90
90
90
90
80
50
90
100
70
60
70
60
60
60
60
60
60
100
90
60
60
60
65
95
65
70
90
80
50
60
40
65
65
80
90
65
80
50
50
65
70
50
65
75
70
90
90
80
100
80
70
70
100
80
100
100
80
100
75
100
90
90
50
90
70
100
75
100
95
80
100
100
70
70
90
80
90
90
80
70
70
70
60
70
90
80
60
70
80
75
70
75
70
90
60
90
70
70
90
80
60
60
80
70
75
70
100
75
60
90
90
75
80
70
70
70
90
75
70
80
95
70
90
80
70
70
70
75
70
80
70
70
70
70
100
80
90
95
70
70
70
90
75
75
50
90
90
85
80
100
90
90
95
90
70
70
70
90
70
100
100
90
50
75
80
100
100
100
70
85
100
100
80
100
100
100
100
70
70
90
100
70
70
70
90
80
90
90
70
80
70
80
70
98
90
80
80
90
50
70
80
50
90
90
50
80
80
50
60
70
70
70
80
80
60
50
90
60
90
90
80
60
70
50
90
70
90
90
90
60
95
90
90
75
90
70
75
70
90
90
90
75
70
50
90
70
80
70
71
90
60
70
50
80
70
70
60
80
50
90
50
70
80
70
90
70
70
80
70
50
70
80
70
90
90
90
90
70
90
75
70
70
95
70
95
70
70
100
65
70
70
70
90
90
70
60
80
70
75
100
70
90
70
70
70
80
90
70
70
50
100
90
90
75
80
70
70
90
80
70
90
75
90
80
70
50
80
70
50
70
60
90
90
70
70
70
90
70
90
90
70
80
80
100
90
50
90
70
90
70
90
70
75
100
100
60
100
75
100
100
100
100
100
100
100
100
50
90
80
90
100
90
60
90
50
100
60
100
90
90
70
70
80
60
90
80
60
60
70
60
70
70
80
60
50
90
70
80
90
70
100
80
70
60
70
80
90
90
75
70
90
70
50
75
60
80
70
95
70
50
90
100
100
80
100
50
100
70
80
90
0
100
100
50
90
100
90
100
100
75
80
50
100
60
100
100
50
85
100
90
90
60
90
70
80
70
70
70
80
90
90
70
70
70
80
90
100
90
80
90
70
70
70
70
100
60
90
90
100
90
90
90
90
100
80
100
90
90
70
90
80
100
90
80
100
75
75
100
30
100
80
75
100
100
100
80
100
95
90
100
90
100
100
100
100
90
100
90
70
90
70
80
50
70
70
95
90
90
90
75
70
70
60
80
90
80
90
70
70
80
100
70
75
80
90
90
67
90
80
70
90
70
70
60
100
75
70
60
90
90
70
50
90
75
70
70
90
70
90
100
60
90
100
100
100
50
100
90
100
75
80
100
100
100
95
100
100
0
100
70
50
70
70
75
100
80
70
90
90
90
70
80
70
50
75
70
90
90
70
90
90
90
80
60
60
75
70
90
90
70
90
70
60
90
90
100
100
70
100
90
90
100
100
80
50
75
100
50
70
60
80
50
80
100
90
75
100
100
100
100
90
50
60
100
100
70
90
90
10
80
80
70
80
70
80
90
70
95
99
70
60
70
100
75
70
75
90
70
90
80
90
80
70
90
90
80
60
90
60
90
70
70
65
55
65
92
100
