75
85
75
65
55
100
40
100
100
45
35
25
100
70
100
40
30
100
40
30
100
20
100
35
50
65
80
90
95
90
100
80
50
50
90
100
100
90
50
90
100
60
70
80
100
80
70
70
70
95
50
100
95
60
50
40
55
45
100
35
100
80
100
100
100
100
70
40
90
100
50
40
90
30
20
35
95
80
100
15
10
100
70
50
70
100
30
20
90
100
10
70
50
50
45
50
100
100
0
100
40
99
80
60
100
70
80
60
75
100
50
50
90
100
20
80
80
80
80
90
60
95
100
100
70
70
70
10
70
100
80
100
90
80
100
70
100
60
40
30
20
100
50
50
10
100
100
90
100
100
100
100
50
100
0
90
70
100
40
30
20
100
10
75
62
75
90
95
100
75
55
45
100
100
80
70
100
50
80
93
89
35
100
100
100
100
50
100
80
40
30
100
80
80
45
100
80
100
35
15
100
30
100
100
100
20
35
50
100
90
80
85
90
40
100
100
100
30
50
40
30
20
100
0
100
100
100
10
100
100
100
100
100
70
60
50
30
45
100
80
90
100
100
100
100
35
75
25
100
70
70
50
90
70
80
100
90
80
80
15
60
100
50
40
30
90
10
100
80
55
35
75
100
100
100
100
100
25
40
30
20
10
100
70
100
100
100
100
90
80
70
100
100
90
100
75
70
95
60
75
98
75
99
100
100
90
70
100
100
90
100
80
70
100
60
70
100
40
100
50
100
80
100
30
100
100
20
100
100
70
100
100
75
80
90
100
10
100
90
90
70
10
100
80
60
80
95
75
75
50
75
75
50
45
100
100
25
15
100
100
100
100
30
45
100
35
25
40
90
90
70
80
95
100
30
70
80
100
100
45
100
35
100
90
80
90
100
80
80
95
100
70
25
100
10
100
90
80
100
50
100
100
65
55
45
100
100
100
100
60
50
40
55
80
80
90
100
100
100
90
70
100
80
30
90
100
100
35
100
100
100
25
80
100
100
80
100
100
40
30
20
100
55
100
100
75
50
33
90
100
45
80
80
60
25
40
30
20
100
100
10
80
100
100
90
100
100
100
70
100
85
55
45
35
25
100
60
50
40
100
100
100
40
10
65
50
45
100
25
10
90
65
100
80
70
90
100
100
100
80
90
70
95
100
100
100
100
90
80
90
55
25
80
70
10
75
50
75
15
100
100
100
100
100
80
100
10
100
65
100
75
70
100
50
80
100
80
75
85
90
90
80
100
100
100
75
80
75
100
100
85
80
100
100
80
70
60
80
90
80
90
75
70
80
100
100
40
80
30
30
55
100
100
45
35
100
30
80
25
100
15
10
100
100
98
95
92
100
100
10
100
100
100
100
100
15
30
70
80
90
90
100
100
50
90
90
100
35
25
30
100
35
40
100
80
90
50
90
20
80
60
50
80
100
100
70
55
45
100
35
45
100
100
60
100
100
65
10
15
80
100
100
80
25
35
100
100
100
80
90
80
80
70
100
45
75
60
80
70
100
30
100
100
100
90
100
40
90
90
90
95
95
95
50
75
90
100
100
50
35
100
65
10
90
50
25
35
90
100
20
100
90
50
80
100
80
100
0
75
80
60
90
100
30
100
15
25
100
100
80
100
100
90
90
80
90
85
95
35
55
100
20
40
70
90
85
95
100
60
70
100
55
100
100
100
65
75
60
45
80
70
55
100
100
100
100
100
100
100
50
100
70
100
100
10
90
80
100
80
70
60
25
45
65
90
10
100
90
80
100
20
40
45
80
90
85
100
100
100
100
100
55
100
75
90
50
100
100
100
15
25
35
55
65
10
100
100
100
100
25
50
60
50
50
50
60
50
100
100
65
95
85
90
50
60
50
70
85
100
10
20
100
30
100
100
100
15
25
45
65
10
100
80
70
90
15
100
45
100
100
55
100
65
10
20
100
30
100
40
70
80
100
90
100
100
100
75
85
70
10
80
90
90
90
90
90
15
55
100
60
60
90
70
100
100
80
40
80
100
70
60
100
90
60
75
100
75
60
100
100
75
50
70
10
100
20
100
30
70
90
60
50
60
70
100
90
80
100
100
100
90
90
80
90
75
100
100
67
5
79
75
67
80
100
70
85
90
100
100
100
60
100
100
45
100
55
40
50
70
100
70
100
100
90
10
55
75
100
85
100
100
100
95
80
65
75
60
100
70
60
90
90
70
80
60
90
60
40
20
57
60
42
80
10
100
80
100
20
100
100
30
60
100
10
100
90
90
100
20
100
40
100
50
100
70
10
100
75
20
30
90
100
40
100
50
70
10
50
50
50
70
60
90
80
100
35
45
100
80
80
90
90
55
75
85
75
100
100
50
75
80
100
100
100
