75
80
70
100
100
90
100
60
100
90
95
95
70
100
100
60
70
100
60
70
100
100
100
80
90
100
80
80
60
70
60
100
70
100
80
70
100
100
60
90
40
20
10
100
65
100
100
100
100
95
100
100
45
35
100
100
100
100
50
30
100
20
35
100
100
90
25
15
10
100
100
100
100
80
65
100
100
90
75
65
80
55
45
100
100
90
80
70
100
100
80
70
55
100
65
100
100
100
100
50
55
100
100
100
100
100
100
60
80
45
55
100
100
100
100
45
35
15
100
0
20
100
30
20
100
80
90
100
100
100
60
10
100
75
100
60
50
30
100
100
70
75
100
90
100
60
100
100
65
45
100
55
25
100
100
100
100
10
75
100
100
100
100
100
80
85
75
65
100
100
45
100
100
35
15
100
80
70
90
100
100
75
0
50
75
55
100
65
100
55
25
100
65
55
100
100
100
100
100
100
100
100
75
45
50
100
100
45
35
100
0
30
25
15
30
100
100
20
100
100
10
100
100
60
50
40
30
100
100
75
20
10
100
100
100
100
25
15
60
100
50
100
100
100
30
100
100
100
20
100
60
100
50
100
60
50
60
100
50
80
100
40
30
100
45
75
50
100
100
75
90
100
25
100
15
60
100
100
100
70
100
60
100
70
90
50
100
30
20
35
90
100
100
50
100
40
30
10
100
60
100
100
100
70
100
100
100
60
100
100
100
80
60
100
50
40
100
50
100
60
40
100
40
100
90
30
20
0
60
40
100
100
10
100
90
90
100
60
80
100
100
70
100
100
73
100
100
100
100
80
70
100
80
40
100
55
100
100
100
35
100
100
100
100
100
100
25
60
100
100
75
95
95
90
90
100
100
50
60
100
100
80
100
40
100
100
30
20
10
100
65
100
55
100
25
100
90
100
15
30
100
100
100
20
70
60
40
35
100
50
60
70
100
100
100
60
100
100
50
60
40
30
100
100
100
20
100
10
100
100
100
100
60
100
100
100
100
100
70
65
100
100
75
85
90
80
100
70
100
100
100
95
30
50
60
75
100
100
100
50
33
100
80
100
60
100
70
65
70
60
100
70
100
100
100
100
100
100
55
50
45
40
100
100
50
40
100
35
30
100
100
25
100
20
100
100
15
100
25
100
80
20
30
40
100
100
35
100
30
100
100
60
100
60
100
40
100
35
45
100
100
100
67
70
100
100
100
100
100
35
30
100
40
35
100
100
100
100
45
100
100
67
100
75
100
100
100
60
100
100
40
75
35
30
25
100
100
100
60
80
70
100
35
100
100
45
100
100
30
40
100
90
100
50
40
100
100
100
0
50
90
95
95
95
100
100
30
100
50
80
100
100
40
100
50
100
100
100
100
100
100
60
100
60
55
50
90
45
40
100
80
100
100
100
35
100
30
40
35
95
100
100
30
100
20
100
25
100
45
50
90
55
75
100
100
100
65
100
55
80
65
10
20
100
100
100
100
30
100
100
40
50
50
35
100
100
100
20
100
90
90
100
70
50
50
50
100
90
90
95
80
95
100
100
80
100
100
50
80
100
40
100
10
20
100
100
100
60
70
80
100
75
70
15
100
35
100
45
100
30
40
100
60
80
100
70
100
40
100
50
60
100
100
100
100
100
100
80
100
100
100
90
80
70
60
70
60
100
100
45
100
30
100
50
100
40
100
50
100
30
100
60
50
75
100
100
100
15
35
100
20
100
10
90
20
70
100
100
40
30
30
100
100
30
50
60
70
100
100
100
100
15
25
100
35
100
50
50
100
100
100
100
20
30
40
50
100
35
20
90
80
85
95
40
100
100
100
50
100
100
72
60
45
100
30
100
40
100
60
25
100
35
100
80
70
90
85
45
55
100
90
100
45
35
100
100
100
100
100
90
65
75
85
100
75
100
100
15
25
55
100
100
65
15
25
80
100
100
80
45
65
100
55
45
100
65
100
100
100
100
60
50
70
60
55
75
65
55
75
50
50
40
100
100
85
75
100
10
30
15
55
100
100
65
100
100
55
75
100
100
100
100
100
10
15
100
100
100
100
50
75
100
25
45
100
30
40
100
50
100
100
100
60
100
50
70
90
80
90
80
100
90
100
100
100
100
100
50
100
100
100
100
90
80
100
100
100
100
100
90
100
90
100
100
100
100
90
100
80
100
50
0
90
100
100
100
100
100
90
100
100
100
100
100
100
100
100
100
100
80
70
100
60
70
80
100
70
95
90
80
20
90
90
100
100
100
100
100
100
100
100
100
90
70
100
100
80
100
0
0
90
100
100
100
10
20
100
90
90
10
40
100
60
100
90
50
40
50
60
100
70
100
100
100
100
80
100
100
100
60
100
100
100
100
