100
50
80
60
80
90
95
60
60
90
70
80
50
85
100
40
65
90
60
65
60
100
100
70
100
80
90
90
100
100
70
75
100
100
100
50
50
55
70
80
65
65
100
65
70
100
75
100
90
50
99
80
80
100
60
65
95
80
100
100
50
40
100
100
75
100
70
100
100
90
100
95
100
65
55
90
100
90
50
100
60
100
70
100
90
100
90
100
65
75
40
95
50
100
90
70
60
100
75
100
62
100
100
100
60
75
0
50
100
95
85
100
65
67
70
90
50
50
65
90
90
75
100
100
80
60
40
95
80
70
100
100
80
50
60
65
65
100
100
100
65
75
90
100
100
100
100
100
100
70
50
60
100
100
65
100
100
100
80
50
65
84
75
60
100
75
100
60
100
70
60
100
100
90
70
70
100
75
50
100
60
100
100
100
40
75
99
100
70
50
50
40
75
65
100
60
60
100
100
100
95
90
90
95
100
100
60
100
70
55
100
75
75
100
65
60
100
100
50
75
100
100
100
80
100
70
50
100
70
70
90
70
100
100
100
90
80
65
90
100
100
100
70
100
65
70
80
50
50
90
60
100
100
70
50
100
100
90
100
85
60
80
75
100
75
100
100
60
100
65
100
100
100
70
90
65
100
50
100
50
100
55
90
55
65
100
65
100
95
50
20
70
100
100
100
100
100
75
100
55
100
100
90
50
100
50
0
60
100
100
70
100
70
80
80
100
60
70
90
65
85
100
100
100
100
100
100
80
100
95
90
55
100
80
70
100
100
60
50
100
65
100
90
80
100
90
100
75
50
100
65
90
90
100
60
95
70
90
75
70
65
100
90
100
70
75
65
100
100
100
50
80
50
100
60
100
80
50
80
80
90
75
80
100
100
95
95
60
60
100
65
60
100
100
65
95
100
100
100
100
90
100
80
70
65
90
100
80
50
70
95
60
100
100
70
40
100
70
55
100
74
70
100
50
92
80
100
65
65
70
100
60
100
95
60
80
50
100
100
100
55
75
95
100
90
100
100
75
85
60
60
80
100
90
90
95
20
100
55
100
70
100
100
100
60
100
50
70
80
50
65
100
100
90
55
100
80
70
50
100
100
97
90
70
100
75
40
100
55
70
50
99
80
100
100
65
100
100
50
50
100
90
100
100
95
65
60
80
65
75
50
60
75
90
100
100
90
100
100
50
65
100
90
100
70
65
75
50
70
90
70
100
99
60
100
0
100
70
100
75
80
60
100
90
100
100
70
90
100
100
95
70
90
80
70
100
90
100
90
60
100
80
40
65
100
50
65
80
80
100
67
100
100
100
100
60
80
56
70
80
100
50
90
58
100
100
65
90
90
75
100
100
70
60
100
80
100
70
100
75
100
90
80
65
60
100
100
100
90
100
100
60
95
40
75
100
70
100
40
80
65
70
60
80
80
70
65
65
70
90
80
70
100
60
30
60
70
75
40
80
50
50
100
90
90
100
90
100
100
100
80
80
50
55
99
70
100
75
50
100
80
100
90
100
70
80
100
80
95
80
85
60
100
100
90
55
90
100
100
80
65
100
80
100
90
90
65
80
100
75
80
60
50
90
90
100
60
95
100
70
70
100
70
100
100
100
55
100
100
55
60
100
100
0
70
100
75
100
65
100
50
75
100
40
65
90
90
100
60
70
60
50
100
50
100
50
75
70
90
90
50
75
100
100
50
100
100
50
100
65
100
100
100
80
60
100
100
85
70
100
100
70
100
80
90
70
70
50
95
100
100
95
75
60
65
65
65
100
100
70
100
10
100
60
100
100
100
95
60
65
100
50
65
100
90
100
80
90
100
100
100
90
80
100
70
90
100
65
70
90
80
55
100
50
80
100
80
65
100
100
40
100
55
60
100
70
100
90
100
100
95
100
90
65
90
100
80
60
65
100
100
100
100
80
60
100
95
100
95
70
30
95
80
95
70
90
100
100
80
60
85
65
100
100
95
50
95
100
100
100
100
75
60
90
100
100
80
50
100
70
80
90
100
100
100
98
70
100
90
65
50
65
100
100
100
90
50
70
100
70
100
100
90
90
100
70
95
50
90
100
100
60
100
80
70
50
65
100
100
50
100
65
100
75
80
70
65
100
100
70
100
100
60
40
60
80
40
90
100
95
65
90
100
60
100
100
100
90
80
40
100
100
55
100
95
100
90
65
100
80
90
100
100
100
90
90
100
70
80
90
90
55
100
78
50
70
80
75
55
70
100
80
80
75
90
100
100
60
100
100
90
100
50
100
95
90
65
70
100
70
60
100
75
95
100
95
100
50
70
70
65
100
100
55
80
100
100
100
70
90
100
100
100
70
60
100
100
65
85
100
100
100
100
90
